Grading at 08/31/2021:13:30:08.666245
For commit ID 21a523ad12552e2a8e1a7dbdcb848e670157c692
Grading at Tue Aug 31 09:30:01 EDT 2021
Attempting to compile retirement.c
Checking for struct _retire_info
Found on line 4, column 1 
Checking for field int months
Found on line 5, column 3 
Checking for field double contribution
Found on line 6, column 3 
Checking for field double rate_of_return
Found on line 7, column 3 
Checking for typedef of struct _retire_info to retire_info
Found on line 10, column 1 
Checking for void retirement (int startAge, double initial,  retire_info working,  retire_info retired)
Found on line 20, column 1 
Checking for int main(void)
Found on line 33, column 1 
Trying to run retirement calculator..
Your file matched the expected output
Removing your main() and replacing it with our own to run more tests...
                |         Working              |        Retired         
 Age | Initial  | Saving  |   Rate    | Months | Spending |   Rate    | Months | Result
 240 |     0.00 | 1234.00 | 0.0026700 |   597  | -3567.00 | 0.0005400 |   208  | Correct
 240 |     0.00 | 1234.00 | 0.0026700 |   597  | -3567.00 | 0.0005400 |   408  | Correct
 240 |     0.00 | 1234.00 | 0.0026700 |   597  | -3567.00 | 0.0040400 |   231  | Correct
 240 |     0.00 | 1234.00 | 0.0026700 |   597  | -3567.00 | 0.0040400 |   403  | Correct
 240 |     0.00 | 1234.00 | 0.0026700 |   597  | -6534.00 | 0.0009800 |   206  | Correct
 240 |     0.00 | 1234.00 | 0.0026700 |   597  | -6534.00 | 0.0009800 |   407  | Correct
 240 |     0.00 | 1234.00 | 0.0026700 |   597  | -6534.00 | 0.0047700 |   223  | Correct
 240 |     0.00 | 1234.00 | 0.0026700 |   597  | -6534.00 | 0.0047700 |   371  | Correct
 240 |     0.00 | 1234.00 | 0.0026700 |   609  | -3567.00 | 0.0005400 |   228  | Correct
 240 |     0.00 | 1234.00 | 0.0026700 |   609  | -3567.00 | 0.0005400 |   378  | Correct
 240 |     0.00 | 1234.00 | 0.0026700 |   609  | -3567.00 | 0.0041800 |   223  | Correct
 240 |     0.00 | 1234.00 | 0.0026700 |   609  | -3567.00 | 0.0041800 |   405  | Correct
 240 |     0.00 | 1234.00 | 0.0026700 |   609  | -6534.00 | 0.0000100 |   223  | Correct
 240 |     0.00 | 1234.00 | 0.0026700 |   609  | -6534.00 | 0.0000100 |   409  | Correct
 240 |     0.00 | 1234.00 | 0.0026700 |   609  | -6534.00 | 0.0048900 |   228  | Correct
 240 |     0.00 | 1234.00 | 0.0026700 |   609  | -6534.00 | 0.0048900 |   386  | Correct
 240 |     0.00 | 1234.00 | 0.0056700 |   597  | -3567.00 | 0.0004000 |   232  | Correct
 240 |     0.00 | 1234.00 | 0.0056700 |   597  | -3567.00 | 0.0004000 |   371  | Correct
 240 |     0.00 | 1234.00 | 0.0056700 |   597  | -3567.00 | 0.0046200 |   215  | Correct
 240 |     0.00 | 1234.00 | 0.0056700 |   597  | -3567.00 | 0.0046200 |   379  | Correct
 240 |     0.00 | 1234.00 | 0.0056700 |   597  | -6534.00 | 0.0009400 |   217  | Correct
 240 |     0.00 | 1234.00 | 0.0056700 |   597  | -6534.00 | 0.0009400 |   379  | Correct
 240 |     0.00 | 1234.00 | 0.0056700 |   597  | -6534.00 | 0.0049000 |   227  | Correct
 240 |     0.00 | 1234.00 | 0.0056700 |   597  | -6534.00 | 0.0049000 |   385  | Correct
 240 |     0.00 | 1234.00 | 0.0056700 |   613  | -3567.00 | 0.0005600 |   204  | Correct
 240 |     0.00 | 1234.00 | 0.0056700 |   613  | -3567.00 | 0.0005600 |   398  | Correct
 240 |     0.00 | 1234.00 | 0.0056700 |   613  | -3567.00 | 0.0043900 |   205  | Correct
 240 |     0.00 | 1234.00 | 0.0056700 |   613  | -3567.00 | 0.0043900 |   401  | Correct
 240 |     0.00 | 1234.00 | 0.0056700 |   613  | -6534.00 | 0.0004400 |   209  | Correct
 240 |     0.00 | 1234.00 | 0.0056700 |   613  | -6534.00 | 0.0004400 |   377  | Correct
 240 |     0.00 | 1234.00 | 0.0056700 |   613  | -6534.00 | 0.0044300 |   207  | Correct
 240 |     0.00 | 1234.00 | 0.0056700 |   613  | -6534.00 | 0.0044300 |   388  | Correct
 240 |     0.00 | 3336.00 | 0.0026700 |   597  | -3567.00 | 0.0008500 |   209  | Correct
 240 |     0.00 | 3336.00 | 0.0026700 |   597  | -3567.00 | 0.0008500 |   388  | Correct
 240 |     0.00 | 3336.00 | 0.0026700 |   597  | -3567.00 | 0.0042300 |   233  | Correct
 240 |     0.00 | 3336.00 | 0.0026700 |   597  | -3567.00 | 0.0042300 |   376  | Correct
 240 |     0.00 | 3336.00 | 0.0026700 |   597  | -6534.00 | 0.0000200 |   231  | Correct
 240 |     0.00 | 3336.00 | 0.0026700 |   597  | -6534.00 | 0.0000200 |   397  | Correct
 240 |     0.00 | 3336.00 | 0.0026700 |   597  | -6534.00 | 0.0048700 |   213  | Correct
 240 |     0.00 | 3336.00 | 0.0026700 |   597  | -6534.00 | 0.0048700 |   375  | Correct
 240 |     0.00 | 3336.00 | 0.0026700 |   596  | -3567.00 | 0.0000000 |   204  | Correct
 240 |     0.00 | 3336.00 | 0.0026700 |   596  | -3567.00 | 0.0000000 |   396  | Correct
 240 |     0.00 | 3336.00 | 0.0026700 |   596  | -3567.00 | 0.0048700 |   210  | Correct
 240 |     0.00 | 3336.00 | 0.0026700 |   596  | -3567.00 | 0.0048700 |   400  | Correct
 240 |     0.00 | 3336.00 | 0.0026700 |   596  | -6534.00 | 0.0001000 |   211  | Correct
 240 |     0.00 | 3336.00 | 0.0026700 |   596  | -6534.00 | 0.0001000 |   390  | Correct
 240 |     0.00 | 3336.00 | 0.0026700 |   596  | -6534.00 | 0.0048400 |   227  | Correct
 240 |     0.00 | 3336.00 | 0.0026700 |   596  | -6534.00 | 0.0048400 |   375  | Correct
 240 |     0.00 | 3336.00 | 0.0056700 |   597  | -3567.00 | 0.0003500 |   223  | Correct
 240 |     0.00 | 3336.00 | 0.0056700 |   597  | -3567.00 | 0.0003500 |   395  | Correct
 240 |     0.00 | 3336.00 | 0.0056700 |   597  | -3567.00 | 0.0045500 |   216  | Correct
 240 |     0.00 | 3336.00 | 0.0056700 |   597  | -3567.00 | 0.0045500 |   393  | Correct
 240 |     0.00 | 3336.00 | 0.0056700 |   597  | -6534.00 | 0.0005200 |   226  | Correct
 240 |     0.00 | 3336.00 | 0.0056700 |   597  | -6534.00 | 0.0005200 |   378  | Correct
 240 |     0.00 | 3336.00 | 0.0056700 |   597  | -6534.00 | 0.0046900 |   225  | Correct
 240 |     0.00 | 3336.00 | 0.0056700 |   597  | -6534.00 | 0.0046900 |   390  | Correct
 240 |     0.00 | 3336.00 | 0.0056700 |   614  | -3567.00 | 0.0003700 |   212  | Correct
 240 |     0.00 | 3336.00 | 0.0056700 |   614  | -3567.00 | 0.0003700 |   378  | Correct
 240 |     0.00 | 3336.00 | 0.0056700 |   614  | -3567.00 | 0.0049800 |   216  | Correct
 240 |     0.00 | 3336.00 | 0.0056700 |   614  | -3567.00 | 0.0049800 |   386  | Correct
 240 |     0.00 | 3336.00 | 0.0056700 |   614  | -6534.00 | 0.0007600 |   227  | Correct
 240 |     0.00 | 3336.00 | 0.0056700 |   614  | -6534.00 | 0.0007600 |   395  | Correct
 240 |     0.00 | 3336.00 | 0.0056700 |   614  | -6534.00 | 0.0042100 |   212  | Correct
 240 |     0.00 | 3336.00 | 0.0056700 |   614  | -6534.00 | 0.0042100 |   378  | Correct
 240 |  8960.11 | 1234.00 | 0.0026700 |   597  | -3567.00 | 0.0007900 |   223  | Correct
 240 |  8960.11 | 1234.00 | 0.0026700 |   597  | -3567.00 | 0.0007900 |   404  | Correct
 240 |  8960.11 | 1234.00 | 0.0026700 |   597  | -3567.00 | 0.0045700 |   222  | Correct
 240 |  8960.11 | 1234.00 | 0.0026700 |   597  | -3567.00 | 0.0045700 |   398  | Correct
 240 |  8960.11 | 1234.00 | 0.0026700 |   597  | -6534.00 | 0.0003200 |   227  | Correct
 240 |  8960.11 | 1234.00 | 0.0026700 |   597  | -6534.00 | 0.0003200 |   381  | Correct
 240 |  8960.11 | 1234.00 | 0.0026700 |   597  | -6534.00 | 0.0045900 |   220  | Correct
 240 |  8960.11 | 1234.00 | 0.0026700 |   597  | -6534.00 | 0.0045900 |   389  | Correct
 240 |  8960.11 | 1234.00 | 0.0026700 |   587  | -3567.00 | 0.0004900 |   223  | Correct
 240 |  8960.11 | 1234.00 | 0.0026700 |   587  | -3567.00 | 0.0004900 |   391  | Correct
 240 |  8960.11 | 1234.00 | 0.0026700 |   587  | -3567.00 | 0.0049300 |   207  | Correct
 240 |  8960.11 | 1234.00 | 0.0026700 |   587  | -3567.00 | 0.0049300 |   393  | Correct
 240 |  8960.11 | 1234.00 | 0.0026700 |   587  | -6534.00 | 0.0004200 |   206  | Correct
 240 |  8960.11 | 1234.00 | 0.0026700 |   587  | -6534.00 | 0.0004200 |   391  | Correct
 240 |  8960.11 | 1234.00 | 0.0026700 |   587  | -6534.00 | 0.0042300 |   222  | Correct
 240 |  8960.11 | 1234.00 | 0.0026700 |   587  | -6534.00 | 0.0042300 |   394  | Correct
 240 |  8960.11 | 1234.00 | 0.0056700 |   597  | -3567.00 | 0.0003300 |   222  | Correct
 240 |  8960.11 | 1234.00 | 0.0056700 |   597  | -3567.00 | 0.0003300 |   375  | Correct
 240 |  8960.11 | 1234.00 | 0.0056700 |   597  | -3567.00 | 0.0040900 |   224  | Correct
 240 |  8960.11 | 1234.00 | 0.0056700 |   597  | -3567.00 | 0.0040900 |   381  | Correct
 240 |  8960.11 | 1234.00 | 0.0056700 |   597  | -6534.00 | 0.0007100 |   226  | Correct
 240 |  8960.11 | 1234.00 | 0.0056700 |   597  | -6534.00 | 0.0007100 |   398  | Correct
 240 |  8960.11 | 1234.00 | 0.0056700 |   597  | -6534.00 | 0.0042400 |   207  | Correct
 240 |  8960.11 | 1234.00 | 0.0056700 |   597  | -6534.00 | 0.0042400 |   406  | Correct
 240 |  8960.11 | 1234.00 | 0.0056700 |   592  | -3567.00 | 0.0000200 |   221  | Correct
 240 |  8960.11 | 1234.00 | 0.0056700 |   592  | -3567.00 | 0.0000200 |   401  | Correct
 240 |  8960.11 | 1234.00 | 0.0056700 |   592  | -3567.00 | 0.0045800 |   221  | Correct
 240 |  8960.11 | 1234.00 | 0.0056700 |   592  | -3567.00 | 0.0045800 |   378  | Correct
 240 |  8960.11 | 1234.00 | 0.0056700 |   592  | -6534.00 | 0.0008800 |   228  | Correct
 240 |  8960.11 | 1234.00 | 0.0056700 |   592  | -6534.00 | 0.0008800 |   376  | Correct
 240 |  8960.11 | 1234.00 | 0.0056700 |   592  | -6534.00 | 0.0043900 |   229  | Correct
 240 |  8960.11 | 1234.00 | 0.0056700 |   592  | -6534.00 | 0.0043900 |   388  | Correct
 240 |  8960.11 | 3609.00 | 0.0026700 |   597  | -3567.00 | 0.0000200 |   204  | Correct
 240 |  8960.11 | 3609.00 | 0.0026700 |   597  | -3567.00 | 0.0000200 |   373  | Correct
 240 |  8960.11 | 3609.00 | 0.0026700 |   597  | -3567.00 | 0.0041600 |   222  | Correct
 240 |  8960.11 | 3609.00 | 0.0026700 |   597  | -3567.00 | 0.0041600 |   407  | Correct
 240 |  8960.11 | 3609.00 | 0.0026700 |   597  | -6534.00 | 0.0009400 |   220  | Correct
 240 |  8960.11 | 3609.00 | 0.0026700 |   597  | -6534.00 | 0.0009400 |   389  | Correct
 240 |  8960.11 | 3609.00 | 0.0026700 |   597  | -6534.00 | 0.0042600 |   219  | Correct
 240 |  8960.11 | 3609.00 | 0.0026700 |   597  | -6534.00 | 0.0042600 |   377  | Correct
 240 |  8960.11 | 3609.00 | 0.0026700 |   608  | -3567.00 | 0.0000300 |   211  | Correct
 240 |  8960.11 | 3609.00 | 0.0026700 |   608  | -3567.00 | 0.0000300 |   404  | Correct
 240 |  8960.11 | 3609.00 | 0.0026700 |   608  | -3567.00 | 0.0046100 |   222  | Correct
 240 |  8960.11 | 3609.00 | 0.0026700 |   608  | -3567.00 | 0.0046100 |   378  | Correct
 240 |  8960.11 | 3609.00 | 0.0026700 |   608  | -6534.00 | 0.0006200 |   207  | Correct
 240 |  8960.11 | 3609.00 | 0.0026700 |   608  | -6534.00 | 0.0006200 |   370  | Correct
 240 |  8960.11 | 3609.00 | 0.0026700 |   608  | -6534.00 | 0.0044100 |   215  | Correct
 240 |  8960.11 | 3609.00 | 0.0026700 |   608  | -6534.00 | 0.0044100 |   390  | Correct
 240 |  8960.11 | 3609.00 | 0.0056700 |   597  | -3567.00 | 0.0000900 |   219  | Correct
 240 |  8960.11 | 3609.00 | 0.0056700 |   597  | -3567.00 | 0.0000900 |   404  | Correct
 240 |  8960.11 | 3609.00 | 0.0056700 |   597  | -3567.00 | 0.0049800 |   228  | Correct
 240 |  8960.11 | 3609.00 | 0.0056700 |   597  | -3567.00 | 0.0049800 |   382  | Correct
 240 |  8960.11 | 3609.00 | 0.0056700 |   597  | -6534.00 | 0.0002700 |   223  | Correct
 240 |  8960.11 | 3609.00 | 0.0056700 |   597  | -6534.00 | 0.0002700 |   384  | Correct
 240 |  8960.11 | 3609.00 | 0.0056700 |   597  | -6534.00 | 0.0045000 |   217  | Correct
 240 |  8960.11 | 3609.00 | 0.0056700 |   597  | -6534.00 | 0.0045000 |   408  | Correct
 240 |  8960.11 | 3609.00 | 0.0056700 |   608  | -3567.00 | 0.0005400 |   219  | Correct
 240 |  8960.11 | 3609.00 | 0.0056700 |   608  | -3567.00 | 0.0005400 |   378  | Correct
 240 |  8960.11 | 3609.00 | 0.0056700 |   608  | -3567.00 | 0.0048000 |   205  | Correct
 240 |  8960.11 | 3609.00 | 0.0056700 |   608  | -3567.00 | 0.0048000 |   385  | Correct
 240 |  8960.11 | 3609.00 | 0.0056700 |   608  | -6534.00 | 0.0005500 |   225  | Correct
 240 |  8960.11 | 3609.00 | 0.0056700 |   608  | -6534.00 | 0.0005500 |   391  | Correct
 240 |  8960.11 | 3609.00 | 0.0056700 |   608  | -6534.00 | 0.0044600 |   218  | Correct
 240 |  8960.11 | 3609.00 | 0.0056700 |   608  | -6534.00 | 0.0044600 |   398  | Correct
 345 |     0.00 | 1234.00 | 0.0026700 |   597  | -3567.00 | 0.0003400 |   227  | Correct
 345 |     0.00 | 1234.00 | 0.0026700 |   597  | -3567.00 | 0.0003400 |   372  | Correct
 345 |     0.00 | 1234.00 | 0.0026700 |   597  | -3567.00 | 0.0042000 |   226  | Correct
 345 |     0.00 | 1234.00 | 0.0026700 |   597  | -3567.00 | 0.0042000 |   403  | Correct
 345 |     0.00 | 1234.00 | 0.0026700 |   597  | -6534.00 | 0.0007500 |   228  | Correct
 345 |     0.00 | 1234.00 | 0.0026700 |   597  | -6534.00 | 0.0007500 |   402  | Correct
 345 |     0.00 | 1234.00 | 0.0026700 |   597  | -6534.00 | 0.0049900 |   210  | Correct
 345 |     0.00 | 1234.00 | 0.0026700 |   597  | -6534.00 | 0.0049900 |   405  | Correct
 345 |     0.00 | 1234.00 | 0.0026700 |   600  | -3567.00 | 0.0002200 |   233  | Correct
 345 |     0.00 | 1234.00 | 0.0026700 |   600  | -3567.00 | 0.0002200 |   395  | Correct
 345 |     0.00 | 1234.00 | 0.0026700 |   600  | -3567.00 | 0.0041200 |   230  | Correct
 345 |     0.00 | 1234.00 | 0.0026700 |   600  | -3567.00 | 0.0041200 |   405  | Correct
 345 |     0.00 | 1234.00 | 0.0026700 |   600  | -6534.00 | 0.0002700 |   224  | Correct
 345 |     0.00 | 1234.00 | 0.0026700 |   600  | -6534.00 | 0.0002700 |   372  | Correct
 345 |     0.00 | 1234.00 | 0.0026700 |   600  | -6534.00 | 0.0045400 |   218  | Correct
 345 |     0.00 | 1234.00 | 0.0026700 |   600  | -6534.00 | 0.0045400 |   405  | Correct
 345 |     0.00 | 1234.00 | 0.0056700 |   597  | -3567.00 | 0.0002900 |   221  | Correct
 345 |     0.00 | 1234.00 | 0.0056700 |   597  | -3567.00 | 0.0002900 |   404  | Correct
 345 |     0.00 | 1234.00 | 0.0056700 |   597  | -3567.00 | 0.0048700 |   207  | Correct
 345 |     0.00 | 1234.00 | 0.0056700 |   597  | -3567.00 | 0.0048700 |   381  | Correct
 345 |     0.00 | 1234.00 | 0.0056700 |   597  | -6534.00 | 0.0001500 |   206  | Correct
 345 |     0.00 | 1234.00 | 0.0056700 |   597  | -6534.00 | 0.0001500 |   404  | Correct
 345 |     0.00 | 1234.00 | 0.0056700 |   597  | -6534.00 | 0.0048900 |   211  | Correct
 345 |     0.00 | 1234.00 | 0.0056700 |   597  | -6534.00 | 0.0048900 |   374  | Correct
 345 |     0.00 | 1234.00 | 0.0056700 |   590  | -3567.00 | 0.0004700 |   231  | Correct
 345 |     0.00 | 1234.00 | 0.0056700 |   590  | -3567.00 | 0.0004700 |   397  | Correct
 345 |     0.00 | 1234.00 | 0.0056700 |   590  | -3567.00 | 0.0048300 |   228  | Correct
 345 |     0.00 | 1234.00 | 0.0056700 |   590  | -3567.00 | 0.0048300 |   380  | Correct
 345 |     0.00 | 1234.00 | 0.0056700 |   590  | -6534.00 | 0.0000600 |   215  | Correct
 345 |     0.00 | 1234.00 | 0.0056700 |   590  | -6534.00 | 0.0000600 |   373  | Correct
 345 |     0.00 | 1234.00 | 0.0056700 |   590  | -6534.00 | 0.0040000 |   213  | Correct
 345 |     0.00 | 1234.00 | 0.0056700 |   590  | -6534.00 | 0.0040000 |   389  | Correct
 345 |     0.00 | 2724.00 | 0.0026700 |   597  | -3567.00 | 0.0001500 |   214  | Correct
 345 |     0.00 | 2724.00 | 0.0026700 |   597  | -3567.00 | 0.0001500 |   408  | Correct
 345 |     0.00 | 2724.00 | 0.0026700 |   597  | -3567.00 | 0.0045500 |   218  | Correct
 345 |     0.00 | 2724.00 | 0.0026700 |   597  | -3567.00 | 0.0045500 |   409  | Correct
 345 |     0.00 | 2724.00 | 0.0026700 |   597  | -6534.00 | 0.0000100 |   215  | Correct
 345 |     0.00 | 2724.00 | 0.0026700 |   597  | -6534.00 | 0.0000100 |   380  | Correct
 345 |     0.00 | 2724.00 | 0.0026700 |   597  | -6534.00 | 0.0043400 |   226  | Correct
 345 |     0.00 | 2724.00 | 0.0026700 |   597  | -6534.00 | 0.0043400 |   399  | Correct
 345 |     0.00 | 2724.00 | 0.0026700 |   606  | -3567.00 | 0.0009600 |   210  | Correct
 345 |     0.00 | 2724.00 | 0.0026700 |   606  | -3567.00 | 0.0009600 |   401  | Correct
 345 |     0.00 | 2724.00 | 0.0026700 |   606  | -3567.00 | 0.0045800 |   221  | Correct
 345 |     0.00 | 2724.00 | 0.0026700 |   606  | -3567.00 | 0.0045800 |   372  | Correct
 345 |     0.00 | 2724.00 | 0.0026700 |   606  | -6534.00 | 0.0001000 |   208  | Correct
 345 |     0.00 | 2724.00 | 0.0026700 |   606  | -6534.00 | 0.0001000 |   399  | Correct
 345 |     0.00 | 2724.00 | 0.0026700 |   606  | -6534.00 | 0.0040200 |   227  | Correct
 345 |     0.00 | 2724.00 | 0.0026700 |   606  | -6534.00 | 0.0040200 |   375  | Correct
 345 |     0.00 | 2724.00 | 0.0056700 |   597  | -3567.00 | 0.0002800 |   216  | Correct
 345 |     0.00 | 2724.00 | 0.0056700 |   597  | -3567.00 | 0.0002800 |   390  | Correct
 345 |     0.00 | 2724.00 | 0.0056700 |   597  | -3567.00 | 0.0045000 |   215  | Correct
 345 |     0.00 | 2724.00 | 0.0056700 |   597  | -3567.00 | 0.0045000 |   390  | Correct
 345 |     0.00 | 2724.00 | 0.0056700 |   597  | -6534.00 | 0.0001300 |   216  | Correct
 345 |     0.00 | 2724.00 | 0.0056700 |   597  | -6534.00 | 0.0001300 |   373  | Correct
 345 |     0.00 | 2724.00 | 0.0056700 |   597  | -6534.00 | 0.0042400 |   231  | Correct
 345 |     0.00 | 2724.00 | 0.0056700 |   597  | -6534.00 | 0.0042400 |   392  | Correct
 345 |     0.00 | 2724.00 | 0.0056700 |   611  | -3567.00 | 0.0006500 |   210  | Correct
 345 |     0.00 | 2724.00 | 0.0056700 |   611  | -3567.00 | 0.0006500 |   384  | Correct
 345 |     0.00 | 2724.00 | 0.0056700 |   611  | -3567.00 | 0.0041000 |   223  | Correct
 345 |     0.00 | 2724.00 | 0.0056700 |   611  | -3567.00 | 0.0041000 |   383  | Correct
 345 |     0.00 | 2724.00 | 0.0056700 |   611  | -6534.00 | 0.0002000 |   211  | Correct
 345 |     0.00 | 2724.00 | 0.0056700 |   611  | -6534.00 | 0.0002000 |   383  | Correct
 345 |     0.00 | 2724.00 | 0.0056700 |   611  | -6534.00 | 0.0049300 |   227  | Correct
 345 |     0.00 | 2724.00 | 0.0056700 |   611  | -6534.00 | 0.0049300 |   387  | Correct
 345 | 14829.83 | 1234.00 | 0.0026700 |   597  | -3567.00 | 0.0001900 |   225  | Correct
 345 | 14829.83 | 1234.00 | 0.0026700 |   597  | -3567.00 | 0.0001900 |   398  | Correct
 345 | 14829.83 | 1234.00 | 0.0026700 |   597  | -3567.00 | 0.0047000 |   229  | Correct
 345 | 14829.83 | 1234.00 | 0.0026700 |   597  | -3567.00 | 0.0047000 |   384  | Correct
 345 | 14829.83 | 1234.00 | 0.0026700 |   597  | -6534.00 | 0.0007500 |   231  | Correct
 345 | 14829.83 | 1234.00 | 0.0026700 |   597  | -6534.00 | 0.0007500 |   404  | Correct
 345 | 14829.83 | 1234.00 | 0.0026700 |   597  | -6534.00 | 0.0041100 |   212  | Correct
 345 | 14829.83 | 1234.00 | 0.0026700 |   597  | -6534.00 | 0.0041100 |   388  | Correct
 345 | 14829.83 | 1234.00 | 0.0026700 |   603  | -3567.00 | 0.0006200 |   212  | Correct
 345 | 14829.83 | 1234.00 | 0.0026700 |   603  | -3567.00 | 0.0006200 |   379  | Correct
 345 | 14829.83 | 1234.00 | 0.0026700 |   603  | -3567.00 | 0.0045700 |   219  | Correct
 345 | 14829.83 | 1234.00 | 0.0026700 |   603  | -3567.00 | 0.0045700 |   374  | Correct
 345 | 14829.83 | 1234.00 | 0.0026700 |   603  | -6534.00 | 0.0001100 |   217  | Correct
 345 | 14829.83 | 1234.00 | 0.0026700 |   603  | -6534.00 | 0.0001100 |   381  | Correct
 345 | 14829.83 | 1234.00 | 0.0026700 |   603  | -6534.00 | 0.0046000 |   230  | Correct
 345 | 14829.83 | 1234.00 | 0.0026700 |   603  | -6534.00 | 0.0046000 |   399  | Correct
 345 | 14829.83 | 1234.00 | 0.0056700 |   597  | -3567.00 | 0.0009400 |   230  | Correct
 345 | 14829.83 | 1234.00 | 0.0056700 |   597  | -3567.00 | 0.0009400 |   409  | Correct
 345 | 14829.83 | 1234.00 | 0.0056700 |   597  | -3567.00 | 0.0042300 |   227  | Correct
 345 | 14829.83 | 1234.00 | 0.0056700 |   597  | -3567.00 | 0.0042300 |   404  | Correct
 345 | 14829.83 | 1234.00 | 0.0056700 |   597  | -6534.00 | 0.0005300 |   216  | Correct
 345 | 14829.83 | 1234.00 | 0.0056700 |   597  | -6534.00 | 0.0005300 |   371  | Correct
 345 | 14829.83 | 1234.00 | 0.0056700 |   597  | -6534.00 | 0.0044600 |   214  | Correct
 345 | 14829.83 | 1234.00 | 0.0056700 |   597  | -6534.00 | 0.0044600 |   389  | Correct
 345 | 14829.83 | 1234.00 | 0.0056700 |   596  | -3567.00 | 0.0003900 |   232  | Correct
 345 | 14829.83 | 1234.00 | 0.0056700 |   596  | -3567.00 | 0.0003900 |   409  | Correct
 345 | 14829.83 | 1234.00 | 0.0056700 |   596  | -3567.00 | 0.0047200 |   213  | Correct
 345 | 14829.83 | 1234.00 | 0.0056700 |   596  | -3567.00 | 0.0047200 |   399  | Correct
 345 | 14829.83 | 1234.00 | 0.0056700 |   596  | -6534.00 | 0.0001100 |   233  | Correct
 345 | 14829.83 | 1234.00 | 0.0056700 |   596  | -6534.00 | 0.0001100 |   388  | Correct
 345 | 14829.83 | 1234.00 | 0.0056700 |   596  | -6534.00 | 0.0042300 |   213  | Correct
 345 | 14829.83 | 1234.00 | 0.0056700 |   596  | -6534.00 | 0.0042300 |   401  | Correct
 345 | 14829.83 | 3086.00 | 0.0026700 |   597  | -3567.00 | 0.0002700 |   215  | Correct
 345 | 14829.83 | 3086.00 | 0.0026700 |   597  | -3567.00 | 0.0002700 |   388  | Correct
 345 | 14829.83 | 3086.00 | 0.0026700 |   597  | -3567.00 | 0.0045600 |   224  | Correct
 345 | 14829.83 | 3086.00 | 0.0026700 |   597  | -3567.00 | 0.0045600 |   373  | Correct
 345 | 14829.83 | 3086.00 | 0.0026700 |   597  | -6534.00 | 0.0004600 |   229  | Correct
 345 | 14829.83 | 3086.00 | 0.0026700 |   597  | -6534.00 | 0.0004600 |   389  | Correct
 345 | 14829.83 | 3086.00 | 0.0026700 |   597  | -6534.00 | 0.0045700 |   230  | Correct
 345 | 14829.83 | 3086.00 | 0.0026700 |   597  | -6534.00 | 0.0045700 |   401  | Correct
 345 | 14829.83 | 3086.00 | 0.0026700 |   614  | -3567.00 | 0.0004900 |   230  | Correct
 345 | 14829.83 | 3086.00 | 0.0026700 |   614  | -3567.00 | 0.0004900 |   373  | Correct
 345 | 14829.83 | 3086.00 | 0.0026700 |   614  | -3567.00 | 0.0044900 |   221  | Correct
 345 | 14829.83 | 3086.00 | 0.0026700 |   614  | -3567.00 | 0.0044900 |   389  | Correct
 345 | 14829.83 | 3086.00 | 0.0026700 |   614  | -6534.00 | 0.0004400 |   210  | Correct
 345 | 14829.83 | 3086.00 | 0.0026700 |   614  | -6534.00 | 0.0004400 |   373  | Correct
 345 | 14829.83 | 3086.00 | 0.0026700 |   614  | -6534.00 | 0.0047900 |   226  | Correct
 345 | 14829.83 | 3086.00 | 0.0026700 |   614  | -6534.00 | 0.0047900 |   375  | Correct
 345 | 14829.83 | 3086.00 | 0.0056700 |   597  | -3567.00 | 0.0009600 |   213  | Correct
 345 | 14829.83 | 3086.00 | 0.0056700 |   597  | -3567.00 | 0.0009600 |   387  | Correct
 345 | 14829.83 | 3086.00 | 0.0056700 |   597  | -3567.00 | 0.0041000 |   219  | Correct
 345 | 14829.83 | 3086.00 | 0.0056700 |   597  | -3567.00 | 0.0041000 |   390  | Correct
 345 | 14829.83 | 3086.00 | 0.0056700 |   597  | -6534.00 | 0.0009500 |   225  | Correct
 345 | 14829.83 | 3086.00 | 0.0056700 |   597  | -6534.00 | 0.0009500 |   398  | Correct
 345 | 14829.83 | 3086.00 | 0.0056700 |   597  | -6534.00 | 0.0044100 |   215  | Correct
 345 | 14829.83 | 3086.00 | 0.0056700 |   597  | -6534.00 | 0.0044100 |   379  | Correct
 345 | 14829.83 | 3086.00 | 0.0056700 |   611  | -3567.00 | 0.0007200 |   233  | Correct
 345 | 14829.83 | 3086.00 | 0.0056700 |   611  | -3567.00 | 0.0007200 |   380  | Correct
 345 | 14829.83 | 3086.00 | 0.0056700 |   611  | -3567.00 | 0.0042900 |   227  | Correct
 345 | 14829.83 | 3086.00 | 0.0056700 |   611  | -3567.00 | 0.0042900 |   378  | Correct
 345 | 14829.83 | 3086.00 | 0.0056700 |   611  | -6534.00 | 0.0006100 |   207  | Correct
 345 | 14829.83 | 3086.00 | 0.0056700 |   611  | -6534.00 | 0.0006100 |   392  | Correct
 345 | 14829.83 | 3086.00 | 0.0056700 |   611  | -6534.00 | 0.0047600 |   211  | Correct
 345 | 14829.83 | 3086.00 | 0.0056700 |   611  | -6534.00 | 0.0047600 |   406  | Correct

Overall Grade: A
